seed,weight,eta,AUC,CST,CST_equal,CST_base,loss_start_epoch,loss_end_epoch
3,0,0.4322,2.71579,1.53553,2.09833,0.10655245184898376,0.10279531031847
3,0,0.2680,0.43463,0.32441,0.77111,0.39237338304519653,0.3876389265060425
3,0,0.4947,0.49346,0.32619,0.57527,15.048731803894043,14.470842361450195
3,0,0.3250,1.45747,0.80355,1.46904,29.475849151611328,28.552677154541016
3,0,0.3111,1.26485,0.62092,1.06230,30.148441314697266,28.840091705322266
3,0.01,0.4802,2.46032,1.30226,1.85385,0.09588217735290527,0.09873760491609573
3,0.01,0.7187,1.91505,1.80407,2.71713,0.3956044018268585,0.3873860239982605
3,0.01,0.7188,1.91491,1.80717,2.72195,15.099565505981445,14.351414680480957
3,0.01,0.7186,1.91577,1.81291,2.72764,29.292722702026367,28.321378707885742
3,0.01,0.7191,1.91697,1.80459,2.71883,29.47121238708496,28.606487274169922
3,0.1,0.4810,2.51086,1.39251,1.98171,0.10039073973894119,0.09783589094877243
3,0.1,0.7188,1.91493,1.80601,2.72009,0.37493395805358887,0.3627924919128418
3,0.1,0.7179,1.90827,1.82772,2.74144,13.852543830871582,13.3032808303833
3,0.1,0.7190,1.91519,1.80996,2.72630,27.193086624145508,26.24005889892578
3,0.1,0.7192,1.91753,1.80692,2.72140,27.485675811767578,26.50408363342285
3,0.2,0.5693,2.43471,1.38308,2.11759,0.09513074904680252,0.09783589094877243
3,0.2,0.7191,1.91038,1.78661,2.70089,0.34979358315467834,0.3437471389770508
3,0.2,0.7185,1.90808,1.78040,2.69421,12.540386199951172,12.13339900970459
3,0.2,0.7188,1.91527,1.80797,2.72327,24.89033317565918,23.927499771118164
3,0.2,0.7190,1.91475,1.80195,2.71612,25.217926025390625,24.168197631835938
3,0.3,0.6292,2.26956,1.46318,2.20820,0.09603246301412582,0.09422903507947922
3,0.3,0.7189,1.91556,1.80385,2.71837,0.32523298263549805,0.31384211778640747
3,0.3,0.7200,1.92007,1.81158,2.72625,11.311457633972168,10.96428394317627
3,0.3,0.7198,1.90239,1.81021,2.72501,22.1844539642334,21.613611221313477
3,0.3,0.7188,1.91511,1.81327,2.72788,22.756061553955078,21.83245277404785
3,0.4,0.6351,2.15809,1.58020,2.44136,0.09993988275527954,0.09588217735290527
3,0.4,0.7205,1.91396,1.78569,2.69942,0.2987610101699829,0.2986474931240082
3,0.4,0.7199,1.89677,1.79290,2.70567,10.058441162109375,9.797784805297852
3,0.4,0.7192,1.91510,1.80812,2.72315,20.18010139465332,19.3018798828125
3,0.4,0.7183,1.91105,1.78795,2.70184,20.207401275634766,19.495405197143555
3,0.5,0.6685,1.94706,1.36841,2.24121,0.10459873825311661,0.09918845444917679
3,0.5,0.7202,1.92131,1.82614,2.74045,0.27744045853614807,0.27037662267684937
3,0.5,0.7154,1.89124,1.79019,2.70153,8.898920059204102,8.628198623657227
3,0.5,0.7191,1.91341,1.80729,2.72231,17.710689544677734,16.989347457885742
3,0.5,0.7189,1.90928,1.81063,2.72524,17.708721160888672,17.159915924072266
3,0.6,0.6908,1.91765,1.72116,2.62105,0.1018935963511467,0.10084159672260284
3,0.6,0.7189,1.92141,1.81803,2.73267,0.2606169581413269,0.25339818000793457
3,0.6,0.7191,1.91663,1.81153,2.72606,7.825760364532471,7.45963716506958
3,0.6,0.7211,1.89950,1.77939,2.69185,15.127717971801758,14.67341136932373
3,0.6,0.7199,1.91099,1.82539,2.74054,15.24998950958252,14.817670822143555
3,0.7,0.6996,1.85204,1.63566,2.52303,0.09918845444917679,0.1012924537062645
3,0.7,0.7190,1.90293,1.80757,2.72250,0.2268134355545044,0.22901931405067444
3,0.7,0.7138,1.91886,1.83027,2.74475,6.501399993896484,6.292073726654053
3,0.7,0.7174,1.89946,1.81025,2.72516,12.914037704467773,12.359596252441406
3,0.7,0.7215,1.90618,1.77245,2.68654,13.027900695800781,12.482804298400879
3,0.8,0.7110,1.81413,1.69040,2.59375,0.09933874011039734,0.09768560528755188
3,0.8,0.7142,1.88439,1.79578,2.71260,0.20628613233566284,0.19234958291053772
3,0.8,0.7211,1.90544,1.80957,2.72553,5.261208534240723,5.123672962188721
3,0.8,0.7172,1.88004,1.78423,2.69285,10.319975852966309,10.034539222717285
3,0.8,0.7201,1.90236,1.81030,2.72628,10.421368598937988,10.147470474243164
3,0.9,0.7157,1.82086,1.82569,2.72985,0.09828674793243408,0.1009918823838234
3,0.9,0.7315,1.89518,1.80599,2.72234,0.18569383025169373,0.17392468452453613
3,0.9,0.7328,1.90484,1.87368,2.79766,4.060237884521484,3.929224967956543
3,0.9,0.7229,1.92321,1.83759,2.75430,8.039101600646973,7.72472620010376
3,0.9,0.7286,1.92966,1.75726,2.66935,8.022595405578613,7.77195405960083
3,0.99,0.7156,1.82260,1.79263,2.70828,0.09873760491609573,0.1021941676735878
3,0.99,0.7523,1.90378,1.80013,2.72315,0.15039967000484467,0.15548016130924225
3,0.99,0.7589,1.90078,1.70739,2.62589,2.9779891967773438,2.81387996673584
3,0.99,0.7666,1.88517,1.66948,2.58245,5.802468299865723,5.448661804199219
3,0.99,0.7486,1.87225,1.80756,2.73005,5.855359077453613,5.498100280761719
3,1.0,0.7145,1.82180,1.76547,2.68096,0.09558160603046417,0.09933874011039734
3,1.0,0.7614,1.88668,1.76691,2.69540,0.15596413612365723,0.15345869958400726
3,1.0,0.7623,1.86568,1.69209,2.59392,2.860811948776245,2.6608831882476807
3,1.0,0.7532,1.85896,1.56658,2.43526,5.564644813537598,5.1865715980529785
3,1.0,0.7617,1.83353,1.58453,2.49393,5.619905471801758,5.207716941833496
