alpha,beta,gamma,AUC,CST,CST_equal,CST_base,loss_start_epoch,loss_end_epoch
0.9,0,0,0.8182,,2.66277,1.39203,1.02773,1.1882465928389856,0.2893685937411512
0.9,0,0.001,0.8182,,2.66277,1.39203,1.02773,1.1884281349354118,0.28946658633011113
0.9,0,0.1,0.8182,,2.66277,1.39203,1.02773,1.2064032836257068,0.2993472434842339
0.9,0,0.2,0.8182,,2.66277,1.39203,1.02773,1.2245623366697294,0.30966315146391193
0.9,0,0.3,0.8182,,2.66277,1.39203,1.02773,1.2427186948743567,0.3196645017891343
0.9,0,0.4,0.8182,,2.66277,1.39203,1.02773,1.2608776652565725,0.3298624956844302
0.9,0,0.5,0.8182,,2.66277,1.39203,1.02773,1.27903340828107,0.33956916626237127
0.9,0,0.6,0.8182,,2.66277,1.39203,1.02773,1.2971894798029426,0.35023163523729905
0.9,0,0.7,0.8182,,2.66277,1.39203,1.02773,1.3153491154568382,0.3610264765883051
0.9,0,0.8,0.8182,,2.66277,1.39203,1.02773,1.333509858606956,0.3702963863921875
0.9,0,0.9,0.8011,,2.63408,1.37732,1.01375,1.351664205732595,0.3793245721927519
0.9,0,0.99,0.8215,,2.69746,1.42896,1.07683,1.3680119377949735,0.3892115218022366
0.9,0,1.0,0.8182,,2.66277,1.39203,1.02773,1.3698189029616208,0.39007032315294626
0.9,0.001,0,0.8204,,2.66338,1.40038,1.03599,1.187751506877655,0.29005070276578554
0.9,0.001,0.001,0.8204,,2.66351,1.40066,1.03660,1.1879330274755617,0.2903887710397151
0.9,0.001,0.1,0.8202,,2.66415,1.40102,1.03708,1.2059081195172585,0.3008067565957526
0.9,0.001,0.2,0.8202,,2.66415,1.40101,1.03708,1.2240673004774707,0.3106127689291057
0.9,0.001,0.3,0.8202,,2.66415,1.40101,1.03708,1.2422239565440831,0.3208006696189385
0.9,0.001,0.4,0.8202,,2.66415,1.40102,1.03708,1.2603830524776518,0.3306946170770767
0.9,0.001,0.5,0.8202,,2.66415,1.40102,1.03708,1.2785381962309237,0.34110297503183296
0.9,0.001,0.6,0.8202,,2.66415,1.40102,1.03708,1.2966958933633335,0.3504133115919782
0.9,0.001,0.7,0.8209,,2.69660,1.42780,1.07648,1.31485439432538,0.36005100293456166
0.9,0.001,0.8,0.8202,,2.66415,1.40102,1.03708,1.3330146617132657,0.37179982049493127
0.9,0.001,0.9,0.8202,,2.66415,1.40102,1.03708,1.3511691583611065,0.3805950802387258
0.9,0.001,0.99,0.8202,,2.66415,1.40102,1.03708,1.3675161810798404,0.39172956089483285
0.9,0.001,1.0,0.8202,,2.66415,1.40102,1.03708,1.3693219178210947,0.391576661114439
0.9,0.1,0,0.8243,,2.60731,1.39017,1.00530,1.1387364245192009,0.2759785130284088
0.9,0.1,0.001,0.8234,,2.59882,1.38762,1.00095,1.1389181434409483,0.2748568074944
0.9,0.1,0.1,0.8192,,2.62325,1.37301,1.00789,1.1568933425452712,0.29440504194273404
0.9,0.1,0.2,0.8341,,2.65830,1.40569,1.05756,1.1750515007134275,0.3112877179525047
0.9,0.1,0.3,0.8352,,2.63421,1.40087,1.05803,1.1932082684648477,0.325440831986282
0.9,0.1,0.4,0.8337,,2.60790,1.39444,1.05478,1.211367077823154,0.33928951255580775
0.9,0.1,0.5,0.8290,,2.58950,1.38757,1.04986,1.2295232391013446,0.352420128687101
0.9,0.1,0.6,0.8229,,2.58367,1.38720,1.05178,1.24768115670107,0.3653211065033086
0.9,0.1,0.7,0.8170,,2.58737,1.39257,1.05928,1.2658370415083022,0.37914918375187245
0.9,0.1,0.8,0.8086,,2.60163,1.39481,1.06466,1.2839961585104196,0.39728674671475794
0.9,0.1,0.9,0.8077,,2.60496,1.39304,1.06341,1.3021492550671907,0.4078605693401357
0.9,0.1,0.99,0.8060,,2.61336,1.39467,1.06591,1.3184985932839466,0.4182198382746109
0.9,0.1,1.0,0.8057,,2.61466,1.39508,1.06641,1.3203051709397835,0.4183214517516849
0.9,0.2,0,0.8471,,2.55073,1.38032,0.98246,1.0892262327660303,0.2622791569280237
0.9,0.2,0.001,0.8471,,2.53255,1.36647,0.96817,1.0894081930086568,0.2632445360326466
0.9,0.2,0.1,0.8406,,2.53648,1.32456,0.92509,1.1073844778956972,0.2756345159196983
0.9,0.2,0.2,0.8327,,2.61690,1.39598,1.03868,1.1255419867010779,0.2985957602426961
0.9,0.2,0.3,0.8501,,2.71056,1.46969,1.13710,1.1437021799190716,0.31669984057854705
0.9,0.2,0.4,0.8555,,2.73212,1.49279,1.17226,1.1618612858494517,0.33202411488330075
0.9,0.2,0.5,0.8576,,2.70341,1.47244,1.15739,1.1800196152533142,0.3459351316457186
0.9,0.2,0.6,0.8585,,2.66478,1.45333,1.14203,1.1981794382668058,0.3603526600262837
0.9,0.2,0.7,0.8583,,2.63251,1.43940,1.13036,1.2163348210836122,0.3734134669450084
0.9,0.2,0.8,0.8582,,2.60483,1.43044,1.12305,1.234495879402023,0.3861413508841753
0.9,0.2,0.9,0.8566,,2.56839,1.40926,1.10314,1.2526526632773327,0.3997201993456824
0.9,0.2,0.99,0.8551,,2.54150,1.39908,1.09404,1.2689987204975648,0.41221871480305416
0.9,0.2,1.0,0.8534,,2.54310,1.39479,1.08968,1.2708076874988374,0.41210078658339566
0.9,0.3,0,0.8798,,2.52052,1.35790,0.96580,1.0397159618983083,0.24919557813269474
0.9,0.3,0.001,0.8670,,2.44325,1.32477,0.92155,1.039898185927767,0.25098970295933587
0.9,0.3,0.1,0.8514,,2.47875,1.35412,0.93131,1.0578735712092668,0.25830654064957576
0.9,0.3,0.2,0.8474,,2.49468,1.33771,0.96301,1.0760315316985383,0.28143917455449635
0.9,0.3,0.3,0.8430,,2.64550,1.49765,1.15815,1.0941911078015354,0.30417602364817004
0.9,0.3,0.4,0.8573,,2.76307,1.59955,1.28922,1.1123487252819313,0.3218073574565788
0.9,0.3,0.5,0.8650,,2.81351,1.62446,1.33053,1.1305041526006727,0.338437321166717
0.9,0.3,0.6,0.8683,,2.82789,1.65407,1.37069,1.1486645921916978,0.35396876966125584
0.9,0.3,0.7,0.8699,,2.81620,1.66268,1.38559,1.1668210113446276,0.3682442475966874
0.9,0.3,0.8,0.8711,,2.79004,1.64823,1.37534,1.1849795525089053,0.38168462683640697
0.9,0.3,0.9,0.8736,,2.74977,1.62405,1.35325,1.203141156459736,0.3958226173068082
0.9,0.3,0.99,0.8747,,2.71888,1.61464,1.34594,1.2194859869744565,0.40697395640305295
0.9,0.3,1.0,0.8741,,2.71202,1.62175,1.35382,1.2212912956801913,0.4084195941820996
0.9,0.4,0,0.8954,,2.47766,1.36768,0.98210,0.9902057520863814,0.23668718862039104
0.9,0.4,0.001,0.8828,,2.39166,1.33404,0.94018,0.9903882775250805,0.23908793576888074
0.9,0.4,0.1,0.8647,,2.36355,1.27395,0.83989,1.0083647962085185,0.24255523408071966
0.9,0.4,0.2,0.8623,,2.39710,1.30975,0.90729,1.0265236201858177,0.26329660859056375
0.9,0.4,0.3,0.8549,,2.44819,1.35763,1.01311,1.044681404817201,0.288230694044378
0.9,0.4,0.4,0.8513,,2.61927,1.58062,1.26915,1.0628401576344015,0.30848845014494747
0.9,0.4,0.5,0.8630,,2.74990,1.69569,1.41614,1.0809974529594855,0.3278429356107204
0.9,0.4,0.6,0.8697,,2.85296,1.78236,1.52573,1.0991586086661886,0.3451083498403121
0.9,0.4,0.7,0.8724,,2.90625,1.80303,1.56049,1.1173118127155561,0.36061897691141065
0.9,0.4,0.8,0.8744,,2.91293,1.81263,1.57980,1.1354735400678877,0.37613906889374565
0.9,0.4,0.9,0.8768,,2.91595,1.85234,1.62607,1.1536304846446293,0.39024198581981057
0.9,0.4,0.99,0.8798,,2.89021,1.84723,1.62376,1.1699801503913267,0.40242731173474905
0.9,0.4,1.0,0.8793,,2.88450,1.83903,1.61752,1.171775365434755,0.4051975589060805
0.9,0.5,0,0.9038,,2.44144,1.35693,0.98715,0.940695438221621,0.2235282082429762
0.9,0.5,0.001,0.8927,,2.34549,1.32701,0.95177,0.940878269960474,0.22718347893898502
0.9,0.5,0.1,0.8714,,2.24333,1.21186,0.76930,0.9588543193312353,0.22577504763955786
0.9,0.5,0.2,0.8695,,2.29195,1.28565,0.87149,0.9770136130511814,0.24499770861901712
0.9,0.5,0.3,0.8610,,2.26059,1.25198,0.88202,0.9951741099357605,0.2682809156002065
0.9,0.5,0.4,0.8562,,2.38214,1.36138,1.04554,1.013331366617256,0.2922898902884467
0.9,0.5,0.5,0.8550,,2.57339,1.60886,1.32864,1.031488914012479,0.31335163594797133
0.9,0.5,0.6,0.8645,,2.72105,1.75876,1.51400,1.0496513569430255,0.33214146043933973
0.9,0.5,0.7,0.8710,,2.84667,1.88633,1.67118,1.067804903356313,0.34967490479793495
0.9,0.5,0.8,0.8743,,2.95796,2.03062,1.83568,1.0859683398409294,0.3671932254856615
0.9,0.5,0.9,0.8761,,3.04475,2.15642,1.97613,1.1041252787205633,0.38404484247709847
0.9,0.5,0.99,0.8776,,3.05185,2.16743,1.99521,1.1204728633030994,0.3959636394508902
0.9,0.5,1.0,0.8776,,3.04117,2.14264,1.96982,1.1222811009671045,0.39704404506627455
0.9,0.6,0,0.9070,,2.40936,1.33564,0.98848,0.8911851566046396,0.21035971905703582
0.9,0.6,0.001,0.8966,,2.29808,1.29191,0.94107,0.8913683049091893,0.21457893337560624
0.9,0.6,0.1,0.8728,,2.13306,1.15730,0.71656,0.9093450592163987,0.21035701270249643
0.9,0.6,0.2,0.8728,,2.17753,1.22342,0.80748,0.9275043653517397,0.22867057474482907
0.9,0.6,0.3,0.8664,,2.17359,1.22173,0.84036,0.9456620590981328,0.2500263511919567
0.9,0.6,0.4,0.8594,,2.19041,1.22269,0.89174,0.9638208175586944,0.27371692254373464
0.9,0.6,0.5,0.8595,,2.37786,1.42030,1.14874,0.9819789636339338,0.29673229535492396
0.9,0.6,0.6,0.8575,,2.51080,1.62564,1.38309,1.00014072285782,0.31805897925327875
0.9,0.6,0.7,0.8659,,2.67907,1.81347,1.61881,1.0182946014232308,0.33737675207385726
0.9,0.6,0.8,0.8727,,2.78731,1.89915,1.73055,1.0364581750684003,0.35494848349483515
0.9,0.6,0.9,0.8757,,2.93313,2.07260,1.92675,1.054612793290368,0.3723213951312496
0.9,0.6,0.99,0.8771,,3.03485,2.21528,2.08729,1.0709584747164824,0.38813435133778373
0.9,0.6,1.0,0.8768,,3.06700,2.24533,2.11841,1.0727679775683487,0.388492062083228
0.9,0.7,0,0.9072,,2.40016,1.31766,0.99727,0.841674804150037,0.19632868556099178
0.9,0.7,0.001,0.8926,,2.30883,1.31633,1.00054,0.8418582929373862,0.20392613237886625
0.9,0.7,0.1,0.8679,,2.08707,1.16405,0.73060,0.8598347045044517,0.19286023546598105
0.9,0.7,0.2,0.8678,,2.08656,1.17027,0.75974,0.8779925108493396,0.21143805373349203
0.9,0.7,0.3,0.8678,,2.12301,1.23478,0.85013,0.8961521814383291,0.23061842691049153
0.9,0.7,0.4,0.8611,,2.07922,1.17385,0.83105,0.9143106190334901,0.25344851774283633
0.9,0.7,0.5,0.8525,,2.19806,1.29849,1.01641,0.9324701976625633,0.27777599342456266
0.9,0.7,0.6,0.8585,,2.36938,1.48256,1.25929,0.9506285256152759,0.3009134383756261
0.9,0.7,0.7,0.8561,,2.46195,1.60002,1.40302,0.9687875087353643,0.3223691607134314
0.9,0.7,0.8,0.8652,,2.62558,1.79776,1.64748,0.986948841482374,0.34045466337255575
0.9,0.7,0.9,0.8723,,2.73569,1.90333,1.78775,1.0051037283820865,0.36027440834518376
0.9,0.7,0.99,0.8750,,2.86526,2.03530,1.93664,1.0214530257516556,0.37551385183072067
0.9,0.7,1.0,0.8765,,2.85565,2.01037,1.91854,1.0232599836088065,0.37704053561466033
0.9,0.8,0,0.9038,,2.40310,1.32772,1.03789,0.7921644673356073,0.181850513109116
0.9,0.8,0.001,0.8947,,2.37948,1.33742,1.05819,0.7923482677977401,0.1901280344929966
0.9,0.8,0.1,0.8532,,2.07638,1.20028,0.77805,0.810325074453844,0.1759770424571308
0.9,0.8,0.2,0.8598,,2.04911,1.20082,0.80019,0.8284842383764799,0.1941319822566374
0.9,0.8,0.3,0.8570,,2.07513,1.23887,0.86112,0.846641584169338,0.2128957140623072
0.9,0.8,0.4,0.8562,,2.06953,1.23551,0.89374,0.8648009567888499,0.23377337783064467
0.9,0.8,0.5,0.8457,,2.05144,1.20314,0.90889,0.8829577270663462,0.25750056744911737
0.9,0.8,0.6,0.8453,,2.21297,1.37978,1.14691,0.9011191962752071,0.2818871079746724
0.9,0.8,0.7,0.8516,,2.34131,1.50712,1.32766,0.9192747845641119,0.3041497205860234
0.9,0.8,0.8,0.8612,,2.51321,1.70096,1.58314,0.9374378142429968,0.3241359168231971
0.9,0.8,0.9,0.8626,,2.55216,1.74596,1.64726,0.9555925437198016,0.34608945876655545
0.9,0.8,0.99,0.8715,,2.66641,1.85186,1.78396,0.9719392549787371,0.3612019886725437
0.9,0.8,1.0,0.8705,,2.66457,1.84999,1.78269,0.9737476203976932,0.3627155983469527
0.9,0.9,0,0.8990,,2.42880,1.36954,1.11401,0.7426540636070361,0.16702948776690996
0.9,0.9,0.001,0.8862,,2.42148,1.37169,1.13582,0.7428381786462528,0.17890300958461863
0.9,0.9,0.1,0.8262,,2.10428,1.24479,0.83371,0.7608146036498927,0.15785157761130922
0.9,0.9,0.2,0.8450,,2.03293,1.18201,0.79353,0.7789731738371716,0.1755935993008618
0.9,0.9,0.3,0.8422,,2.05662,1.24151,0.87940,0.7971317534837989,0.19475445862123836
0.9,0.9,0.4,0.8441,,2.05061,1.23465,0.89944,0.8152895959461993,0.21513093414072307
0.9,0.9,0.5,0.8386,,1.97745,1.14068,0.84729,0.8334468007087708,0.23758098007430892
0.9,0.9,0.6,0.8353,,2.06858,1.25691,1.01934,0.8516039171661741,0.26113945342486133
0.9,0.9,0.7,0.8354,,2.22487,1.43898,1.26310,0.8697623190200469,0.28573507616066307
0.9,0.9,0.8,0.8437,,2.35706,1.57940,1.46061,0.887922352987759,0.3072774044504243
0.9,0.9,0.9,0.8578,,2.49080,1.69646,1.63269,0.9060814035594517,0.3291736417680952
0.9,0.9,0.99,0.8602,,2.48206,1.66057,1.60774,0.9224261775330663,0.3461063295683418
0.9,0.9,1.0,0.8624,,2.47755,1.64605,1.59917,0.924231417013569,0.34880013200912097
0.9,0.99,0,0.8857,,2.43718,1.34260,1.12802,0.6980946434844819,0.15357761934224928
0.9,0.99,0.001,0.8697,,2.39523,1.34182,1.14448,0.6982790115612708,0.16721277211677715
0.9,0.99,0.1,0.7906,,2.18015,1.30551,0.89593,0.7162553759390863,0.13901587666370935
0.9,0.99,0.2,0.8275,,2.02095,1.16467,0.79328,0.7344136998608265,0.1588952806723666
0.9,0.99,0.3,0.8296,,2.04316,1.23769,0.89229,0.7525712170506298,0.17820549406265762
0.9,0.99,0.4,0.8248,,2.01749,1.20015,0.87841,0.7707313943597194,0.19725480228259393
0.9,0.99,0.5,0.8250,,1.96830,1.14243,0.85525,0.7888875010854173,0.2190088121013882
0.9,0.99,0.6,0.8217,,1.95308,1.12831,0.89146,0.8070442099308947,0.24449984050742993
0.9,0.99,0.7,0.8270,,2.12329,1.32339,1.13800,0.8252048546715401,0.26583555934663505
0.9,0.99,0.8,0.8340,,2.24826,1.48121,1.35218,0.8433656846756759,0.2893210980567554
0.9,0.99,0.9,0.8427,,2.34230,1.58906,1.52194,0.8615232800663432,0.3087961300199799
0.9,0.99,0.99,0.8498,,2.42443,1.64663,1.62869,0.8778651736145948,0.3312117513554713
0.9,0.99,1.0,0.8529,,2.46360,1.68327,1.67475,0.8796700158562071,0.33391103097401403
0.9,1.0,0,0.8856,,2.43888,1.35058,1.14020,0.6931435724332378,0.15176327655560481
0.9,1.0,0.001,0.8690,,2.39979,1.34728,1.15443,0.6933279942563249,0.16586839397604988
0.9,1.0,0.1,0.7904,,2.16193,1.30389,0.90055,0.7113044624719886,0.13834996409949363
0.9,1.0,0.2,0.8258,,2.03992,1.19428,0.82601,0.7294633827626544,0.15741266908142565
0.9,1.0,0.3,0.8240,,2.04589,1.22050,0.87555,0.7476214191954452,0.17643481690513863
0.9,1.0,0.4,0.8275,,2.03615,1.22676,0.90412,0.7657801891039684,0.1947392903678153
0.9,1.0,0.5,0.8198,,1.96612,1.14302,0.85646,0.7839362368699772,0.21732695380560013
0.9,1.0,0.6,0.8193,,1.96068,1.13331,0.89643,0.8020931889712004,0.24202490970828278
0.9,1.0,0.7,0.8239,,2.10837,1.31479,1.13660,0.8202535592832471,0.26674507516692414
0.9,1.0,0.8,0.8298,,2.23698,1.47282,1.35092,0.8384082264680922,0.28731985399591914
0.9,1.0,0.9,0.8393,,2.36676,1.61944,1.55802,0.8565729867240348,0.31070909457662493
0.9,1.0,0.99,0.8534,,2.44772,1.67486,1.66261,0.8729139011759711,0.3302360045361669
0.9,1.0,1.0,0.8527,,2.48003,1.70609,1.70007,0.8747192325626438,0.33339037091158014
